# CDet bar time offsets (ns) to ADD to LE/TE times: toffset = mean_all - mean_bar
# Generated by PlotElastic.C (plotAllTDC)
# Columns: bar(1..168)  toffset_ns  entries
1 0.000000 0.000000
2 0.000000 0.000000
3 0.000000 1.000000
4 -1.135752 27.000000
5 -3.492342 349.000000
6 -0.020494 116.000000
7 4.978265 453.000000
8 -7.345652 497.000000
9 -2.178737 516.000000
10 -1.595593 439.000000
11 -3.624132 426.000000
12 -3.700355 441.000000
13 -0.797502 400.000000
14 -4.566972 1262.000000
15 -3.262388 1171.000000
16 -1.825547 1171.000000
17 -2.594482 1071.000000
18 -0.299097 1124.000000
19 0.887503 1023.000000
20 1.816604 832.000000
21 4.337695 496.000000
22 0.545733 754.000000
23 0.770692 90.000000
24 -4.270813 1310.000000
25 0.000000 0.000000
26 -3.895045 1174.000000
27 2.539495 2872.000000
28 3.365819 3304.000000
29 -2.055407 2698.000000
30 4.612648 3707.000000
31 0.251966 4462.000000
32 -0.730915 862.000000
33 -5.578412 1639.000000
34 2.368722 1256.000000
35 4.079872 1170.000000
36 0.501161 1584.000000
37 4.189453 1095.000000
38 0.611839 523.000000
39 -0.855514 42.000000
40 0.000000 4.000000
41 0.000000 0.000000
42 0.000000 0.000000
43 0.000000 0.000000
44 0.000000 0.000000
45 0.000000 9.000000
46 -9.162986 94.000000
47 -8.775213 204.000000
48 -5.938712 223.000000
49 -4.365887 222.000000
50 -3.611200 670.000000
51 -9.601744 1190.000000
52 -2.198559 652.000000
53 -9.696161 685.000000
54 0.252122 127.000000
55 -0.920949 735.000000
56 -0.121723 886.000000
57 1.858796 1174.000000
58 2.377039 2071.000000
59 0.195717 1218.000000
60 1.079824 581.000000
61 -1.695416 773.000000
62 1.116958 834.000000
63 2.631121 1423.000000
64 -0.255477 1308.000000
65 -0.934935 1358.000000
66 1.339836 859.000000
67 -5.552525 1543.000000
68 1.953088 457.000000
69 -2.091143 1319.000000
70 1.276205 235.000000
71 0.000000 0.000000
72 1.374248 67.000000
73 5.528094 26.000000
74 2.061581 30.000000
75 0.431979 119.000000
76 1.106755 1376.000000
77 1.852545 3006.000000
78 -3.080036 1361.000000
79 -3.922130 1433.000000
80 -4.880352 637.000000
81 -2.452131 116.000000
82 0.000000 0.000000
83 0.000000 0.000000
84 0.000000 0.000000
85 0.000000 0.000000
86 0.000000 0.000000
87 0.000000 1.000000
88 -0.684152 25.000000
89 -3.569836 382.000000
90 -1.993364 134.000000
91 -6.019126 744.000000
92 -10.905180 507.000000
93 -7.776810 567.000000
94 -1.848774 513.000000
95 -7.313423 584.000000
96 -10.307879 583.000000
97 -8.201048 355.000000
98 -10.635366 1373.000000
99 0.589834 1289.000000
100 -1.975668 946.000000
101 -4.139586 1200.000000
102 -3.343923 1077.000000
103 -0.424711 1066.000000
104 1.210706 782.000000
105 8.060363 937.000000
106 5.888654 733.000000
107 12.282766 27.000000
108 3.106551 1337.000000
109 0.040170 206.000000
110 -3.426579 496.000000
111 1.130543 2316.000000
112 5.982582 4155.000000
113 3.695830 3065.000000
114 0.574021 2338.000000
115 1.475473 4972.000000
116 1.324248 866.000000
117 2.509883 1748.000000
118 2.592571 1181.000000
119 7.399835 1534.000000
120 3.361289 1673.000000
121 -2.332189 1187.000000
122 -7.002039 676.000000
123 -2.483818 181.000000
124 0.000000 13.000000
125 0.000000 0.000000
126 0.000000 0.000000
127 0.000000 0.000000
128 0.000000 0.000000
129 0.000000 10.000000
130 -13.703752 375.000000
131 0.000000 2.000000
132 -8.349590 271.000000
133 1.113262 416.000000
134 -2.249129 844.000000
135 -2.734392 1375.000000
136 -4.295289 1014.000000
137 -1.454600 573.000000
138 0.000000 0.000000
139 0.166932 1181.000000
140 -3.497400 898.000000
141 -10.202555 1320.000000
142 -10.118019 1006.000000
143 -8.943578 1237.000000
144 -13.484427 468.000000
145 -7.804000 873.000000
146 -8.188326 909.000000
147 -1.068825 1497.000000
148 5.537167 1367.000000
149 0.412137 1336.000000
150 1.023306 913.000000
151 6.290202 2469.000000
152 3.574378 922.000000
153 0.280145 1070.000000
154 3.956740 610.000000
155 0.000000 7.000000
156 0.000000 0.000000
157 0.000000 4.000000
158 0.000000 5.000000
159 12.438503 47.000000
160 11.726112 59.000000
161 3.233072 4013.000000
162 2.183786 2317.000000
163 5.462847 3911.000000
164 3.588810 947.000000
165 7.631391 378.000000
166 0.000000 9.000000
167 0.000000 0.000000
168 0.000000 0.000000
